0   0.0100  367.903 -318.343 -112.291    1.890    2.681  -16.326
0   0.0200  368.015 -318.232 -112.291    1.868    2.659  -16.326
0   0.0300  367.903 -318.232 -112.179    1.846    2.659  -16.348
0   0.0400  367.903 -318.343 -112.179    1.846    2.637  -16.326
0   0.0500  367.903 -318.232 -112.291    1.846    2.681  -16.304
0   0.0600  367.903 -318.232 -112.291    1.846    2.681  -16.304
0   0.0700  367.903 -318.343 -112.291    1.846    2.703  -16.348
0   0.0800  367.792 -318.343 -112.402    1.868    2.703  -16.326
0   0.0900  367.792 -318.343 -112.402    1.846    2.703  -16.326
0   0.1000  367.792 -318.232 -112.402    1.868    2.725  -16.326
0   0.1100  367.792 -318.232 -112.402    1.868    2.725  -16.326
0   0.1200  367.792 -318.232 -112.179    1.846    2.681  -16.304
0   0.1300  367.792 -318.232 -112.179    1.846    2.681  -16.304
0   0.1400  367.680 -318.232 -112.179    1.846    2.681  -16.348
0   0.1500  367.680 -318.343 -112.179    1.868    2.703  -16.348
0   0.1600  367.680 -318.343 -112.179    1.868    2.703  -16.348
0   0.1700  367.680 -318.455 -112.291    1.890    2.747  -16.348
0   0.1800  367.680 -318.455 -112.291    1.890    2.725  -16.370
0   0.1900  367.680 -318.455 -112.291    1.912    2.747  -16.370
0   0.2000  367.680 -318.455 -112.514    1.912    2.791  -16.348
0   0.2100  367.568 -318.455 -112.402    1.934    2.791  -16.370
0   0.2200  367.680 -318.455 -112.514    1.956    2.834  -16.370
0   0.2300  367.568 -318.455 -112.514    1.956    2.812  -16.370
0   0.2400  367.568 -318.455 -112.514    1.978    2.812  -16.392
0   0.2500  367.568 -318.567 -112.402    2.000    2.791  -16.414
0   0.2600  367.457 -318.678 -112.402    2.000    2.791  -16.436
0   0.2700  367.457 -318.901 -112.514    2.087    2.834  -16.479
0   0.2800  367.345 -318.901 -112.737    2.153    2.878  -16.523
0   0.2900  367.457 -318.901 -112.849    2.175    2.878  -16.523
0   0.3000  367.457 -318.901 -113.072    2.219    2.922  -16.479
0   0.3100  367.457 -319.013 -112.961    2.241    2.900  -16.479
0   0.3200  367.568 -319.013 -112.961    2.263    2.900  -16.479
0   0.3300  367.568 -319.236 -112.961    2.285    2.900  -16.501
0   0.3400  367.680 -319.125 -113.072    2.307    2.922  -16.479
0   0.3500  367.457 -319.236 -113.184    2.329    2.944  -16.523
0   0.3600  367.457 -319.236 -113.295    2.373    2.966  -16.523
0   0.3700  367.345 -319.236 -113.407    2.395    2.988  -16.523
0   0.3800  367.345 -319.348 -113.630    2.417    3.032  -16.523
0   0.3900  367.233 -319.348 -113.630    2.461    3.054  -16.545
0   0.4000  367.233 -319.460 -113.742    2.483    3.054  -16.589
0   0.4100  367.233 -319.348 -113.965    2.505    3.098  -16.567
0   0.4200  367.122 -319.348 -113.965    2.527    3.098  -16.589
0   0.4300  367.122 -319.571 -113.965    2.549    3.098  -16.611
0   0.4400  367.122 -319.683 -113.965    2.549    3.120  -16.611
0   0.4500  367.122 -319.794 -114.077    2.593    3.098  -16.633
0   0.4600  367.233 -319.794 -114.077    2.615    3.120  -16.589
0   0.4700  367.122 -319.906 -114.300    2.637    3.164  -16.633
0   0.4800  366.899 -320.018 -114.412    2.659    3.164  -16.677
0   0.4900  366.899 -320.018 -114.635    2.703    3.252  -16.655
0   0.5000  366.899 -320.129 -114.746    2.747    3.252  -16.655
0   0.5100  366.787 -320.129 -114.858    2.769    3.296  -16.655
0   0.5201  366.675 -320.129 -115.081    2.834    3.318  -16.655
0   0.5301  366.452 -320.353 -115.305    2.878    3.384  -16.699
0   0.5401  366.340 -320.576 -115.305    2.900    3.384  -16.721
0   0.5501  366.117 -320.799 -115.639    2.966    3.428  -16.721
0   0.5601  365.782 -321.134 -116.086    3.054    3.538  -16.787
0   0.5701  365.001 -321.357 -116.644    3.142    3.647  -16.787
0   0.5801  364.554 -321.692 -116.979    3.318    3.735  -16.765
0   0.5901  364.554 -321.915 -117.425    3.428    3.801  -16.699
0   0.6001  363.996 -322.362 -117.872    3.560    3.867  -16.677
0   0.6101  363.327 -322.808 -118.653    3.713    3.999  -16.677
0   0.6201  362.657 -323.590 -119.211    3.801    4.065  -16.633
0   0.6301  361.764 -324.036 -119.881    3.933    4.197  -16.567
0   0.6401  360.648 -324.594 -120.774    4.065    4.395  -16.458
0   0.6501  359.308 -324.817 -121.667    4.175    4.592  -16.326
0   0.6601  357.857 -324.929 -122.560    4.307    4.768  -16.150
0   0.6701  356.518 -325.264 -123.453    4.438    4.900  -15.974
0   0.6801  355.178 -325.375 -124.234    4.548    5.010  -15.776
0   0.6901  354.062 -325.822 -125.239    4.658    5.120  -15.601
0   0.7001  353.058 -326.603 -125.797    4.658    5.164  -15.469
0   0.7101  352.053 -327.050 -126.578    4.702    5.229  -15.315
0   0.7201  350.937 -327.496 -127.360    4.702    5.317  -15.139
0   0.7301  349.374 -327.608 -128.253    4.702    5.449  -14.919
0   0.7401  347.588 -327.831 -129.369    4.768    5.647  -14.766
0   0.7501  345.914 -327.720 -130.262    4.856    5.757  -14.546
0   0.7601  344.574 -327.608 -131.266    5.010    5.911  -14.304
0   0.7701  343.235 -327.720 -132.159    5.076    5.977  -14.062
0   0.7801  341.895 -328.389 -133.164    5.142    6.086  -13.909
0   0.7901  340.444 -328.836 -134.057    5.142    6.174  -13.733
0   0.8001  339.217 -329.171 -135.285    5.186    6.284  -13.557
0   0.8101  337.877 -329.729 -136.401    5.120    6.394  -13.381
0   0.8201  336.426 -329.840 -137.629    5.054    6.548  -13.206
0   0.8301  334.640 -329.729 -139.080    5.032    6.746  -13.030
0   0.8401  332.742 -329.617 -140.531    5.054    6.943  -12.854
0   0.8501  330.957 -329.282 -141.647    5.032    7.075  -12.612
0   0.8601  329.505 -328.836 -142.763    4.966    7.141  -12.393
0   0.8701  328.501 -328.836 -143.545    4.900    7.097  -12.195
0   0.8801  326.603 -329.282 -145.666    4.768    7.141  -11.843
0   0.8901  325.375 -329.505 -147.117    4.658    7.273  -11.711
0   0.9001  323.813 -329.729 -148.679    4.460    7.427  -11.602
0   0.9101  321.915 -329.505 -150.242    4.219    7.625  -11.492
0   0.9201  320.129 -328.947 -151.805    3.889    7.756  -11.338
0   0.9301  318.120 -327.608 -153.033    3.494    7.866  -11.140
0   0.9401  316.669 -326.380 -153.925    2.966    7.910  -11.008
0   0.9501  315.106 -325.599 -155.265    2.373    7.976  -11.118
0   0.9601  313.879 -324.483 -155.935    1.692    7.910  -11.250
0   0.9701  311.981 -323.143 -156.716    1.033    7.866  -11.646
0   0.9801  310.083 -321.692 -157.497    0.396    7.778  -12.239
0   0.9901  308.297 -320.464 -158.837   -0.132    7.712  -13.030
0   1.0001  306.735 -318.455 -159.953   -0.571    7.756  -13.909
0   1.0101  305.619 -315.776 -160.734   -0.945    7.734  -14.832
0   1.0201  304.949 -312.762 -160.846   -1.274    7.625  -15.798
0   1.0301  304.837 -309.414 -160.846   -1.560    7.603  -16.721
0   1.0401  305.284 -306.288 -160.176   -1.978    7.603  -17.688
0   1.0501  305.953 -302.605 -159.507   -2.417    7.734  -18.633
0   1.0601  306.958 -298.810 -158.725   -3.076    8.042  -19.644
0   1.0701  308.297 -295.015 -157.609   -3.845    8.503  -20.676
0   1.0801  310.530 -290.885 -156.270   -4.680    9.075  -21.577
0   1.0901  313.320 -286.755 -154.595   -5.581    9.734  -22.500
0   1.1001  316.669 -282.625 -153.033   -6.416   10.415  -23.379
0   1.1101  320.353 -279.164 -151.135   -7.229   11.030  -24.324
0   1.1201  324.483 -276.597 -149.349   -7.778   11.558  -25.291
0   1.1301  329.171 -274.030 -147.451   -8.042   11.975  -26.060
0   1.1401  334.194 -272.244 -145.219   -8.086   12.327  -26.763
0   1.1501  339.440 -270.904 -142.987   -7.866   12.634  -27.334
0   1.1601  344.909 -269.900 -140.866   -7.493   12.964  -27.729
0   1.1701  350.490 -269.453 -138.857   -6.943   13.293  -27.949
0   1.1801  360.536 -270.793 -135.731   -5.559   14.458  -28.411
0   1.1901  364.778 -272.355 -134.950   -4.812   15.315  -28.696
0   1.2001  368.796 -274.253 -134.169   -3.999   16.172  -28.828
0   1.2101  372.814 -276.151 -133.610   -3.208   17.073  -28.740
0   1.2201  376.610 -278.606 -133.387   -2.439   17.996  -28.542
0   1.2301  379.623 -280.727 -133.387   -1.604   18.853  -28.103
0   1.2401  382.414 -284.299 -133.276   -0.857   19.468  -27.708
0   1.2501  385.316 -288.764 -133.610   -0.132   19.863  -27.268
0   1.2601  387.437 -294.010 -134.727    0.571   20.325  -26.763
0   1.2701  388.553 -299.256 -136.066    1.318   20.632  -26.125
0   1.2803  388.218 -304.726 -137.406    2.043   20.830  -25.378
0   1.2903  387.548 -309.525 -138.745    2.944   20.896  -24.346
0   1.3003  387.102 -313.990 -139.415    3.867   20.742  -23.005
0   1.3103  386.097 -318.455 -140.531    4.812   20.566  -21.687
0   1.3203  384.981 -322.585 -141.424    5.823   20.215  -20.171
0   1.3303  382.972 -326.827 -143.321    6.768   20.017  -18.787
0   1.3403  379.958 -331.961 -144.661    7.515   19.600  -17.710
0   1.3503  376.721 -336.761 -146.335    8.086   19.204  -16.721
0   1.3603  372.703 -341.337 -148.791    8.372   18.875  -15.864
0   1.3703  369.019 -345.244 -151.247    8.481   18.501  -14.941
0   1.3803  364.889 -348.258 -153.925    8.459   18.149  -14.041
0   1.3903  359.532 -350.825 -157.162    8.416   17.952  -13.337
0   1.4003  353.392 -353.504 -160.400    8.284   17.732  -12.876
0   1.4103  347.811 -356.071 -163.413    8.020   17.336  -12.480
0   1.4203  342.565 -358.527 -166.427    7.646   16.809  -12.195
0   1.4303  338.770 -360.648 -169.106    7.229   16.018  -11.646
0   1.4403  334.305 -362.434 -171.450    6.702   15.249  -11.118
0   1.4503  329.394 -363.773 -174.464    6.218   14.656  -10.591
0   1.4603  322.920 -364.889 -177.924    5.757   14.194  -10.195
0   1.4703  315.888 -365.113 -182.054    5.405   13.931   -9.800
0   1.4803  302.716 -364.220 -188.193    4.417   13.030   -9.009
0   1.4903  297.135 -362.880 -190.984    3.977   12.437   -8.569
0   1.5003  291.666 -362.434 -192.993    3.362   11.689   -8.350
0   1.5103  286.531 -361.317 -195.672    2.900   11.096   -8.130
0   1.5203  280.950 -359.755 -198.351    2.329   10.657   -8.108
0   1.5303  275.258 -357.634 -200.918    1.648   10.393   -8.152
0   1.5403  269.453 -355.178 -202.704    0.747   10.195   -8.328
0   1.5503  263.872 -352.165 -204.713   -0.220   10.173   -8.613
0   1.5603  258.626 -348.258 -206.276   -1.208   10.173   -8.789
0   1.5703  254.384 -343.793 -207.727   -2.109   10.195   -8.877
0   1.5803  250.701 -338.882 -209.066   -2.878   10.173   -8.899
0   1.5903  247.576 -334.194 -209.848   -3.625   10.042   -8.943
0   1.6003  244.562 -329.394 -210.629   -4.307    9.910   -9.031
0   1.6103  241.660 -324.483 -211.410   -4.966    9.910   -9.229
0   1.6203  239.539 -319.683 -212.080   -5.735    9.932   -9.470
0   1.6303  237.530 -314.325 -212.861   -6.526   10.107   -9.844
0   1.6403  235.967 -308.632 -213.531   -7.317   10.415  -10.349
0   1.6503  234.739 -302.605 -213.978   -8.086   10.767  -10.964
0   1.6603  233.846 -296.577 -214.536   -8.877   11.140  -11.733
0   1.6703  233.958 -290.773 -214.982   -9.668   11.448  -12.546
0   1.6803  234.962 -285.080 -214.759  -10.415   11.536  -13.315
0   1.6903  236.637 -279.499 -214.424  -11.074   11.602  -14.106
0   1.7003  238.646 -274.141 -214.312  -11.667   11.646  -14.897
0   1.7103  240.990 -269.118 -214.089  -12.195   11.755  -15.645
0   1.7203  243.669 -264.096 -213.754  -12.612   11.865  -16.348
0   1.7303  246.459 -259.407 -213.196  -13.030   11.975  -17.139
0   1.7403  249.696 -254.608 -212.861  -13.359   12.151  -17.886
0   1.7503  253.715 -250.143 -212.527  -13.645   12.261  -18.633
0   1.7603  258.068 -245.790 -211.857  -13.887   12.349  -19.402
0   1.7703  262.644 -241.771 -211.075  -13.975   12.371  -20.149
0   1.7803  272.802 -235.074 -208.843  -13.865   12.063  -21.709
0   1.7903  278.383 -232.730 -207.727  -13.601   11.843  -22.478
0   1.8003  284.187 -230.498 -206.499  -13.162   11.624  -23.181
0   1.8103  289.768 -228.712 -205.271  -12.656   11.492  -23.928
0   1.8203  295.238 -227.819 -204.043  -12.129   11.360  -24.697
0   1.8303  300.707 -226.926 -202.704  -11.558   11.272  -25.356
0   1.8403  306.400 -226.591 -201.364  -10.920   11.184  -25.884
0   1.8503  311.869 -226.591 -199.690  -10.239   11.118  -26.389
0   1.8603  317.450 -227.037 -197.793   -9.536   11.008  -26.741
0   1.8703  323.255 -227.484 -196.007   -8.811   10.986  -26.917
0   1.8803  328.947 -228.488 -194.109   -8.086   11.008  -26.960
0   1.8903  334.082 -229.939 -192.100   -7.361   11.052  -26.960
0   1.9003  338.993 -231.502 -189.979   -6.680   11.118  -26.807
0   1.9103  343.681 -233.958 -187.747   -6.021   11.140  -26.697
0   1.9203  348.258 -236.525 -185.737   -5.405   11.206  -26.499
0   1.9303  352.723 -239.427 -183.282   -4.790   11.074  -26.279
0   1.9403  357.076 -242.553 -181.273   -4.131   11.074  -26.038
0   1.9503  361.206 -245.232 -178.817   -3.406   10.986  -25.620
0   1.9603  364.331 -248.580 -176.473   -2.703   10.986  -25.269
0   1.9703  366.899 -251.706 -173.906   -1.890   10.986  -24.785
0   1.9803  369.354 -255.389 -171.450   -1.099   10.942  -24.346
0   1.9903  371.252 -259.631 -169.106   -0.286   10.920  -23.862
0   2.0003  373.596 -264.319 -166.762    0.439   10.767  -23.181
0   2.0103  375.158 -269.453 -164.641    1.165   10.635  -22.500
0   2.0203  375.493 -274.253 -163.302    1.868   10.679  -21.929
0   2.0303  375.493 -279.164 -161.962    2.571   10.701  -21.270
0   2.0403  375.047 -284.076 -160.846    3.252   10.701  -20.632
0   2.0503  374.266 -289.099 -159.953    3.933   10.745  -19.995
0   2.0603  373.149 -293.452 -159.060    4.658   10.767  -19.270
0   2.0703  371.587 -297.805 -157.609    5.427   10.591  -18.567
0   2.0803  367.792 -308.632 -156.604    6.658   10.371  -17.534
0   2.0903  365.224 -313.655 -156.716    7.229   10.261  -16.985
0   2.1003  362.210 -318.678 -157.162    7.734   10.129  -16.436
0   2.1103  358.639 -323.255 -157.497    8.086    9.932  -15.886
0   2.1203  354.285 -327.050 -158.614    8.459    9.954  -15.315
0   2.1303  349.486 -330.957 -159.841    8.745    9.910  -14.788
0   2.1403  345.021 -333.747 -160.958    9.009    9.778  -14.084
0   2.1504  341.114 -336.203 -161.739    9.185    9.470  -13.315
0   2.1604  336.872 -338.435 -162.632    9.272    9.141  -12.568
0   2.1704  332.519 -340.891 -163.860    9.316    8.789  -11.909
0   2.1804  327.496 -343.681 -165.869    9.294    8.503  -11.382
0   2.1904  321.692 -346.137 -168.325    9.272    8.350  -10.964
0   2.2004  316.111 -348.035 -170.557    9.119    8.086  -10.569
0   2.2104  310.642 -348.928 -172.566    8.965    7.866  -10.151
0   2.2204  304.279 -349.486 -174.575    8.811    7.712  -10.063
0   2.2304  297.805 -350.267 -177.143    8.701    7.668  -10.261
0   2.2404  292.001 -351.048 -179.598    8.569    7.449  -10.437
0   2.2504  286.755 -351.606 -181.608    8.394    7.097  -10.569
0   2.2604  281.508 -351.606 -183.617    8.196    6.746  -10.613
0   2.2704  276.039 -351.606 -185.961    7.888    6.548  -10.525
0   2.2804  270.681 -351.160 -188.082    7.427    6.350  -10.261
0   2.2904  265.770 -350.267 -190.091    6.812    6.174   -9.954
0   2.3004  261.082 -348.928 -191.877    6.042    6.042   -9.646
0   2.3104  256.617 -347.142 -193.663    5.229    5.999   -9.404
0   2.3204  251.817 -344.686 -195.225    4.329    6.086   -9.316
0   2.3304  247.017 -341.561 -196.676    3.450    6.240   -9.360
0   2.3404  242.329 -338.324 -197.904    2.571    6.394   -9.492
0   2.3504  238.311 -335.087 -198.797    1.692    6.482   -9.668
0   2.3604  235.074 -331.961 -199.690    0.879    6.394   -9.756
0   2.3704  231.949 -328.724 -200.471    0.242    6.306   -9.888
0   2.3804  226.591 -322.362 -202.257   -0.242    6.152  -10.063
0   2.3904  224.358 -318.232 -203.485   -0.791    5.999  -10.415
0   2.4004  222.461 -313.767 -204.378   -1.055    6.021  -10.657
0   2.4104  220.898 -308.744 -204.936   -1.406    6.042  -10.964
0   2.4204  220.005 -303.833 -205.048   -1.868    6.021  -11.316
0   2.4304  219.447 -298.810 -204.936   -2.373    5.977  -11.733
0   2.4404  219.447 -294.122 -205.048   -2.900    5.955  -12.195
0   2.4504  219.670 -289.433 -205.048   -3.406    5.977  -12.678
0   2.4604  220.117 -284.857 -205.160   -3.845    6.086  -13.206
0   2.4704  221.010 -280.057 -205.160   -4.307    6.218  -13.689
0   2.4804  222.572 -275.258 -205.048   -4.746    6.372  -14.128
0   2.4904  224.470 -270.681 -204.713   -5.229    6.504  -14.634
0   2.5004  226.702 -265.993 -204.378   -5.669    6.680  -15.161
0   2.5104  229.381 -261.528 -203.932   -6.152    6.790  -15.688
0   2.5204  232.395 -256.952 -203.374   -6.526    6.943  -16.260
0   2.5304  235.632 -252.599 -202.592   -6.899    7.053  -16.831
0   2.5404  239.427 -248.692 -201.699   -7.251    7.053  -17.380
0   2.5504  243.669 -245.120 -200.918   -7.537    7.009  -17.908
0   2.5604  248.022 -241.771 -200.137   -7.800    6.987  -18.413
0   2.5704  252.487 -238.423 -199.244   -8.042    7.031  -18.875
0   2.5804  257.287 -235.186 -198.127   -8.262    7.075  -19.314
0   2.5904  262.421 -232.172 -197.011   -8.481    7.097  -19.731
0   2.6004  267.667 -229.381 -195.560   -8.657    7.163  -20.149
0   2.6104  273.137 -226.814 -193.997   -8.855    7.185  -20.610
0   2.6204  278.606 -224.693 -191.988   -9.053    7.185  -21.116
0   2.6304  284.411 -222.907 -190.202   -9.163    7.251  -21.621
0   2.6404  290.215 -221.121 -188.528   -9.185    7.317  -22.083
0   2.6504  296.242 -220.117 -186.742   -9.185    7.361  -22.610
0   2.6604  302.270 -218.889 -185.179   -9.119    7.383  -23.027
0   2.6704  308.186 -218.331 -183.505   -9.031    7.383  -23.489
0   2.6804  320.129 -217.884 -179.598   -8.877    7.339  -23.884
0   2.6904  325.710 -217.884 -177.701   -8.350    7.163  -24.719
0   2.7004  331.403 -218.442 -175.357   -7.910    6.965  -25.049
0   2.7104  337.207 -218.889 -172.789   -7.361    6.768  -25.312
0   2.7204  342.900 -220.563 -170.557   -6.833    6.526  -25.664
0   2.7304  348.146 -222.796 -168.771   -6.218    6.482  -26.016
0   2.7404  352.834 -225.028 -166.985   -5.559    6.416  -26.301
0   2.7504  357.188 -227.819 -165.311   -4.900    6.372  -26.543
0   2.7604  361.206 -230.832 -163.413   -4.241    6.306  -26.719
0   2.7704  364.666 -233.735 -161.516   -3.472    6.240  -26.829
0   2.7804  367.457 -236.748 -160.065   -2.725    6.306  -26.851
0   2.7904  370.024 -239.874 -158.614   -2.021    6.416  -26.763
0   2.8004  372.368 -243.222 -156.939   -1.274    6.416  -26.565
0   2.8104  374.489 -246.794 -155.153   -0.505    6.416  -26.345
0   2.8204  376.721 -250.813 -153.144    0.286    6.284  -26.038
0   2.8304  378.507 -255.612 -151.805    0.989    6.306  -25.774
0   2.8404  379.400 -261.417 -150.800    1.604    6.394  -25.620
0   2.8504  380.070 -266.774 -150.019    2.241    6.548  -25.334
0   2.8604  380.070 -271.351 -149.572    2.966    6.812  -24.851
0   2.8704  379.065 -275.481 -148.903    3.691    7.031  -24.368
0   2.8804  377.837 -279.946 -148.233    4.395    7.251  -23.906
0   2.8904  376.610 -284.076 -148.010    5.208    7.471  -23.357
0   2.9004  375.717 -288.541 -147.340    5.867    7.493  -22.676
0   2.9104  374.377 -293.787 -147.451    6.482    7.603  -22.126
0   2.9204  372.033 -299.033 -147.117    6.987    7.625  -21.621
0   2.9304  369.466 -304.502 -147.451    7.493    7.756  -21.116
0   2.9404  367.010 -309.637 -148.344    7.844    7.888  -20.544
0   2.9504  364.554 -314.548 -149.014    8.086    7.954  -19.885
0   2.9604  361.206 -319.348 -150.354    8.306    8.218  -19.292
0   2.9704  357.634 -322.808 -151.805    8.591    8.438  -18.501
0   2.9804  353.616 -326.268 -152.698    8.811    8.525  -17.776
0   2.9904  345.914 -333.301 -154.149    9.053    8.459  -16.348
0   3.0004  341.895 -337.096 -155.377    9.141    8.416  -15.667
0   3.0104  337.877 -340.779 -157.162    9.207    8.416  -15.007
0   3.0204  333.301 -344.239 -159.507    9.272    8.503  -14.392
0   3.0304  327.943 -347.253 -162.297    9.338    8.657  -13.821
0   3.0404  322.585 -350.044 -164.641    9.250    8.657  -13.271
0   3.0504  317.562 -352.165 -166.874    9.185    8.591  -12.634
0   3.0604  312.986 -353.392 -168.771    9.119    8.438  -11.887
0   3.0704  308.297 -354.843 -170.445    8.987    8.306  -11.184
0   3.0804  303.944 -355.736 -172.008    8.855    8.130  -10.437
0   3.0904  299.256 -356.741 -173.906    8.745    8.020   -9.822
0   3.1004  294.345 -357.746 -175.357    8.591    7.866   -9.250
0   3.1104  288.875 -358.527 -176.919    8.438    7.778   -8.789
0   3.1204  283.406 -358.973 -178.482    8.350    7.712   -8.262
0   3.1304  277.937 -359.085 -180.380    8.306    7.778   -7.734
0   3.1404  272.914 -359.197 -181.942    8.196    7.778   -7.207
0   3.1504  267.779 -358.750 -183.170    8.108    7.756   -6.724
0   3.1604  263.426 -358.080 -184.286    7.910    7.690   -6.152
0   3.1704  259.407 -357.076 -185.291    7.712    7.581   -5.603
0   3.1804  255.389 -356.071 -185.737    7.383    7.383   -5.120
0   3.1904  251.594 -354.620 -186.072    7.009    7.207   -4.658
0   3.2004  247.352 -353.169 -186.742    6.636    7.185   -4.263
0   3.2105  242.999 -351.383 -187.077    6.196    7.273   -4.021
0   3.2205  238.423 -349.374 -187.970    5.867    7.471   -3.823
0   3.2305  234.404 -346.807 -188.751    5.537    7.646   -3.582
0   3.2405  230.832 -343.905 -189.421    5.229    7.734   -3.406
0   3.2505  227.484 -340.444 -189.421    4.856    7.734   -3.252
0   3.2605  224.805 -336.761 -189.309    4.438    7.668   -3.120
0   3.2705  222.461 -333.077 -188.975    3.933    7.559   -3.076
0   3.2805  220.117 -329.394 -188.751    3.406    7.537   -3.164
0   3.2905  215.875 -322.027 -188.305    2.417    7.603   -3.669
0   3.3005  214.201 -318.120 -188.305    2.043    7.690   -3.977
0   3.3105  212.861 -313.879 -188.305    1.692    7.778   -4.285
0   3.3205  211.634 -309.414 -188.305    1.384    7.888   -4.680
0   3.3305  210.852 -305.060 -188.082    1.099    7.976   -5.142
0   3.3405  210.629 -300.484 -187.970    0.769    8.064   -5.647
0   3.3505  211.075 -296.242 -187.523    0.352    8.064   -6.240
0   3.3605  212.080 -292.112 -186.965   -0.154    8.020   -6.855
0   3.3705  213.196 -287.982 -186.519   -0.571    7.998   -7.537
0   3.3805  214.647 -283.964 -185.961   -0.989    7.954   -8.240
0   3.3905  216.545 -280.169 -185.737   -1.340    7.910   -8.855
0   3.4005  218.666 -276.374 -185.514   -1.604    7.888   -9.492
0   3.4105  221.010 -272.579 -185.068   -1.802    7.910  -10.107
0   3.4205  223.689 -269.007 -184.621   -1.912    7.954  -10.701
0   3.4305  226.591 -265.547 -183.952   -2.000    8.020  -11.272
0   3.4405  229.939 -262.310 -183.393   -2.043    8.130  -11.887
0   3.4505  233.735 -259.296 -182.835   -2.065    8.240  -12.393
0   3.4605  237.753 -256.617 -182.166   -2.021    8.328  -12.898
0   3.4705  242.218 -254.161 -181.608   -2.043    8.416  -13.359
0   3.4805  246.683 -251.929 -181.049   -2.065    8.503  -13.821
0   3.4905  250.924 -249.920 -180.491   -2.131    8.635  -14.304
0   3.5005  255.501 -248.022 -179.933   -2.153    8.789  -14.744
0   3.5105  260.189 -246.348 -179.375   -2.263    8.877  -15.161
0   3.5205  265.323 -244.785 -178.482   -2.373    8.921  -15.491
0   3.5305  270.458 -243.446 -177.589   -2.505    8.921  -15.842
0   3.5405  275.592 -242.441 -176.473   -2.637    8.921  -16.194
0   3.5505  280.615 -241.436 -175.357   -2.747    8.987  -16.523
0   3.5605  285.750 -240.990 -174.241   -2.812    8.965  -16.875
0   3.5705  290.885 -240.878 -172.901   -2.812    8.965  -17.249
0   3.5805  296.466 -241.102 -171.896   -2.769    8.877  -17.534
0   3.5905  306.735 -242.106 -169.552   -2.725    8.921  -17.864
0   3.6005  311.646 -242.441 -168.325   -2.593    8.943  -18.435
0   3.6105  316.557 -243.111 -167.097   -2.505    8.965  -18.633
0   3.6205  321.246 -244.004 -165.422   -2.461    8.877  -18.809
0   3.6305  325.822 -245.232 -163.637   -2.395    8.833  -19.028
0   3.6405  330.398 -246.571 -161.627   -2.263    8.745  -19.204
0   3.6505  334.528 -248.692 -159.730   -2.109    8.635  -19.468
0   3.6605  338.770 -251.147 -158.167   -1.912    8.591  -19.666
0   3.6705  342.677 -253.938 -156.828   -1.758    8.569  -19.841
0   3.6805  345.691 -256.952 -155.377   -1.604    8.635  -20.039
0   3.6905  348.481 -260.077 -154.484   -1.384    8.789  -20.171
0   3.7005  350.713 -262.979 -153.591   -1.121    9.009  -20.215
0   3.7105  353.058 -265.658 -151.916   -0.813    8.965  -20.083
0   3.7205  355.402 -268.225 -150.242   -0.439    8.921  -19.885
0   3.7305  357.411 -271.351 -148.791    0.000    8.899  -19.753
0   3.7405  358.639 -274.811 -147.451    0.417    8.899  -19.688
0   3.7505  359.643 -278.495 -146.670    0.857    9.031  -19.600
0   3.7605  360.425 -282.625 -145.889    1.274    9.163  -19.556
0   3.7705  360.759 -286.531 -145.331    1.604    9.338  -19.358
0   3.7805  360.313 -290.550 -144.661    1.934    9.558  -19.226
0   3.7905  359.978 -293.898 -144.549    2.285    9.844  -18.940
0   3.8005  359.308 -296.912 -144.661    2.659   10.217  -18.589
0   3.8105  358.192 -300.484 -144.884    3.054   10.525  -18.347
0   3.8205  357.299 -303.833 -144.996    3.560   10.767  -17.974
0   3.8305  355.736 -307.851 -144.996    4.043   10.942  -17.798
0   3.8405  354.285 -311.646 -145.219    4.482   11.118  -17.512
0   3.8505  352.946 -315.664 -145.554    4.878   11.228  -17.183
0   3.8605  351.272 -319.125 -146.224    5.251   11.338  -16.787
0   3.8705  348.816 -322.362 -147.340    5.581   11.448  -16.370
0   3.8805  346.025 -325.487 -148.568    5.867   11.624  -15.952
0   3.8905  340.221 -332.073 -151.805    6.174   11.865  -15.601
0   3.9005  336.984 -334.975 -153.144    6.724   12.019  -14.788
0   3.9105  333.635 -337.207 -154.595    6.987   12.107  -14.304
0   3.9205  330.845 -339.663 -155.600    7.163   12.019  -13.755
0   3.9305  327.720 -342.342 -156.939    7.317   11.953  -13.315
0   3.9405  324.371 -345.021 -158.948    7.449   11.975  -12.832
0   3.9505  320.687 -347.365 -160.623    7.515   11.887  -12.371
0   3.9605  316.557 -350.155 -162.744    7.559   11.909  -12.019
0   3.9705  312.316 -351.830 -164.976    7.646   11.909  -11.514
0   3.9805  307.739 -353.169 -167.320    7.690   11.887  -11.052
0   3.9905  303.386 -354.509 -169.329    7.625   11.777  -10.635
0   4.0005  299.479 -355.402 -171.115    7.559   11.580  -10.195
0   4.0105  295.461 -356.071 -172.789    7.515   11.360   -9.844
0   4.0205  291.331 -357.299 -174.575    7.383   11.118   -9.602
0   4.0305  286.978 -358.639 -176.361    7.251   10.876   -9.448
0   4.0405  282.625 -359.978 -177.924    6.987   10.591   -9.272
0   4.0506  278.271 -361.094 -179.933    6.746   10.393   -9.053
0   4.0606  274.141 -361.317 -181.384    6.482   10.129   -8.745
0   4.0706  269.565 -361.206 -182.947    6.218    9.932   -8.481
0   4.0806  265.323 -360.536 -184.845    5.999    9.822   -8.262
0   4.0906  260.747 -359.643 -186.072    5.735    9.668   -8.196
0   4.1006  256.282 -358.527 -187.077    5.449    9.426   -8.174
0   4.1106  252.264 -357.746 -187.412    4.988    9.141   -8.240
0   4.1206  248.357 -356.853 -188.082    4.570    8.899   -8.438
0   4.1306  244.227 -356.183 -188.751    4.131    8.723   -8.745
0   4.1406  240.209 -355.178 -189.644    3.713    8.701   -8.987
0   4.1506  236.190 -353.727 -190.760    3.296    8.789   -9.250
0   4.1606  232.283 -351.495 -191.542    2.878    8.855   -9.382
0   4.1706  228.600 -348.816 -192.323    2.549    8.833   -9.448
0   4.1806  225.363 -345.579 -192.658    2.219    8.767   -9.404
0   4.1906  222.349 -342.342 -192.658    1.890    8.679   -9.382
0   4.2006  217.215 -335.421 -192.993    1.318    8.547   -9.382
0   4.2106  214.982 -332.184 -192.993    1.011    8.525   -9.492
0   4.2206  212.973 -328.724 -193.216    0.703    8.547   -9.602
0   4.2306  210.964 -325.152 -193.328    0.374    8.569   -9.800
0   4.2406  209.178 -321.134 -193.551    0.110    8.613   -9.998
0   4.2506  207.504 -317.004 -193.886   -0.132    8.679  -10.195
0   4.2606  206.387 -312.539 -194.109   -0.308    8.745  -10.349
0   4.2706  205.606 -308.074 -194.109   -0.505    8.811  -10.591
0   4.2806  205.048 -303.721 -193.997   -0.703    8.899  -10.876
0   4.2906  205.160 -299.368 -193.663   -0.989    8.965  -11.140
0   4.3006  205.606 -295.349 -193.216   -1.362    9.075  -11.514
0   4.3106  206.276 -291.554 -192.546   -1.758    9.229  -11.931
0   4.3206  207.057 -287.759 -192.212   -2.087    9.470  -12.393
0   4.3306  208.285 -283.964 -191.877   -2.307    9.756  -12.832
0   4.3406  209.848 -280.504 -191.653   -2.417    9.976  -13.315
0   4.3506  211.857 -277.044 -191.430   -2.395   10.129  -13.777
0   4.3606  214.201 -273.583 -191.095   -2.219   10.261  -14.150
0   4.3706  216.880 -270.235 -190.984   -2.021   10.349  -14.546
0   4.3806  219.894 -267.556 -190.649   -1.868   10.327  -14.985
0   4.3906  223.354 -264.765 -190.314   -1.758   10.305  -15.359
0   4.4006  227.037 -262.421 -189.756   -1.736   10.305  -15.732
0   4.4106  230.832 -260.412 -189.198   -1.802   10.349  -16.194
0   4.4206  234.516 -258.626 -188.751   -1.890   10.481  -16.677
0   4.4306  238.534 -256.840 -188.082   -1.978   10.613  -17.095
0   4.4406  242.776 -255.277 -187.412   -2.000   10.723  -17.468
0   4.4506  247.129 -253.826 -186.519   -2.000   10.789  -17.820
0   4.4606  251.594 -252.487 -185.626   -1.912   10.898  -18.171
0   4.4706  256.505 -251.259 -184.510   -1.802   10.942  -18.479
0   4.4806  261.305 -250.366 -183.393   -1.648   11.008  -18.831
0   4.4906  266.551 -249.808 -181.831   -1.582   10.986  -19.138
0   4.5006  277.490 -249.362 -178.594   -1.472   11.030  -19.731
0   4.5106  282.513 -249.585 -176.808   -1.428   11.184  -20.083
0   4.5206  287.759 -249.808 -175.022   -1.362   11.316  -20.369
0   4.5306  292.671 -249.808 -173.013   -1.252   11.536  -20.588
0   4.5406  297.693 -249.920 -171.004   -1.077   11.755  -20.786
0   4.5506  302.605 -250.254 -168.548   -0.923   11.953  -20.984
0   4.5606  307.851 -250.813 -165.757   -0.791   12.085  -21.138
0   4.5706  312.874 -251.482 -162.855   -0.593   12.239  -21.270
0   4.5806  318.232 -252.152 -159.618   -0.417   12.327  -21.357
0   4.5906  323.143 -253.826 -156.381   -0.220   12.524  -21.489
0   4.6006  327.943 -255.389 -152.809    0.044   12.678  -21.577
0   4.6106  332.184 -257.175 -149.237    0.330   12.898  -21.665
0   4.6206  336.203 -258.961 -145.554    0.637   13.162  -21.709
0   4.6306  339.886 -260.747 -141.759    0.967   13.403  -21.665
0   4.6406  343.570 -262.421 -137.964    1.384   13.645  -21.533
0   4.6506  347.030 -264.319 -133.945    1.780   13.799  -21.335
0   4.6606  350.379 -266.216 -129.927    2.329   13.953  -21.094
0   4.6706  353.504 -268.337 -125.797    2.856   14.062  -20.764
0   4.6806  356.406 -270.570 -121.332    3.340   14.172  -20.413
0   4.6906  358.862 -273.025 -117.202    3.735   14.370  -20.061
0   4.7006  360.648 -275.704 -113.072    4.021   14.744  -19.775
0   4.7106  361.541 -278.383 -109.165    4.307   15.249  -19.534
0   4.7206  362.099 -280.950 -105.705    4.570   15.776  -19.314
0   4.7306  362.099 -283.518 -101.910    4.834   16.260  -19.028
0   4.7406  361.652 -285.973  -98.785    5.142   16.831  -18.721
0   4.7506  360.759 -288.541  -95.436    5.493   17.314  -18.435
0   4.7606  360.090 -291.219  -92.199    5.889   17.688  -18.105
0   4.7706  358.973 -294.010  -89.297    6.372   17.930  -17.732
0   4.7806  357.857 -296.689  -86.618    6.855   18.018  -17.271
0   4.7906  356.071 -299.591  -84.832    7.383   18.105  -16.963
0   4.8006  350.825 -304.726  -83.604    8.635   18.193  -16.392
0   4.8106  347.030 -306.512  -84.386    9.207   18.325  -16.216
0   4.8206  342.788 -308.186  -85.055    9.646   18.193  -16.172
0   4.8306  338.993 -310.195  -85.948    9.932   17.908  -16.216
0   4.8406  335.756 -311.869  -87.176   10.173   17.512  -16.238
0   4.8506  332.854 -313.432  -88.516   10.305   17.007  -16.194
0   4.8606  329.505 -315.218  -90.301   10.393   16.523  -16.172
0   4.8706  325.710 -316.781  -93.315   10.459   16.150  -16.084
0   4.8806  321.357 -318.232  -97.222   10.525   15.952  -15.952
0   4.8906  316.781 -319.571 -101.575   10.437   15.732  -15.842
0   4.9006  312.204 -320.911 -106.375   10.217   15.535  -15.798
0   4.9106  307.963 -322.027 -111.621    9.888   15.315  -15.754
0   4.9206  304.056 -322.585 -117.202    9.558   15.051  -15.667
0   4.9306  300.261 -322.473 -123.006    9.163   14.700  -15.623
0   4.9406  296.800 -322.250 -128.811    8.723   14.326  -15.623
0   4.9506  293.229 -322.250 -135.173    8.284   13.975  -15.710
0   4.9606  289.992 -322.585 -141.870    7.800   13.623  -15.864
0   4.9706  287.089 -323.143 -148.903    7.229   13.271  -16.018
0   4.9806  284.522 -323.701 -155.935    6.570   12.854  -16.194
0   4.9906  281.955 -323.813 -163.525    5.999   12.502  -16.282
0   5.0006  279.388 -323.478 -171.115    5.361   12.129  -16.326
0   5.0106  277.378 -322.920 -178.817    4.790   11.755  -16.282
0   5.0206  275.258 -322.585 -186.296    4.197   11.426  -16.260
0   5.0306  273.360 -322.473 -193.886    3.560   11.096  -16.282
0   5.0406  271.351 -322.250 -201.030    2.856   10.767  -16.326
0   5.0506  269.788 -321.804 -208.062    2.131   10.393  -16.304
0   5.0607  268.225 -322.027 -214.759    1.340   10.042  -16.348
0   5.0707  266.216 -322.250 -222.014    0.615    9.932  -16.458
0   5.0807  263.649 -322.808 -229.158   -0.220    9.910  -16.699
0   5.0907  261.193 -323.143 -235.967   -1.121    9.910  -16.897
0   5.1007  257.845 -323.031 -248.245   -2.043    9.888  -16.919
0   5.1107  256.059 -323.255 -253.715   -3.999    9.734  -16.941
0   5.1207  254.608 -323.813 -258.403   -4.988    9.734  -16.963
0   5.1307  252.933 -324.706 -262.868   -5.911    9.888  -17.051
0   5.1407  251.259 -325.599 -266.774   -6.855   10.151  -17.117
0   5.1507  248.580 -326.492 -270.681   -7.712   10.745  -17.358
0   5.1607  245.901 -327.496 -273.918   -8.613   11.448  -17.644
0   5.1707  243.222 -328.836 -276.597   -9.470   12.195  -17.996
0   5.1807  240.878 -329.952 -279.053  -10.173   12.964  -18.303
0   5.1907  238.758 -330.733 -280.281  -10.679   13.667  -18.545
0   5.2007  236.413 -331.291 -281.285  -10.986   14.458  -18.765
0   5.2107  234.851 -331.738 -281.285  -11.118   14.963  -18.896
0   5.2207  233.846 -332.073 -281.174  -11.162   15.359  -18.896
0   5.2307  233.065 -332.519 -280.839  -11.184   15.601  -18.896
0   5.2407  232.730 -332.742 -280.392  -11.140   15.798  -18.765
0   5.2507  232.060 -333.412 -279.499  -11.118   16.084  -18.633
0   5.2607  230.274 -334.752 -276.709  -10.986   16.831  -18.193
0   5.2707  225.475 -338.100 -269.118  -10.657   19.094  -17.183
0   5.2807  223.242 -339.663 -264.207  -10.481   20.325  -16.853
0   5.2907  221.456 -340.779 -258.849  -10.261   21.445  -16.589
0   5.3007  220.117 -341.895 -253.715   -9.756   22.632  -16.194
0   5.3107  219.112 -343.570 -248.022   -9.185   23.730  -15.820
0   5.3207  218.331 -345.021 -242.106   -8.459   24.741  -15.249
0   5.3307  217.773 -346.807 -235.744   -7.668   25.642  -14.568
0   5.3407  217.103 -348.369 -229.493   -6.812   26.565  -13.799
0   5.3507  216.210 -350.044 -223.131   -5.977   27.488  -13.118
0   5.3607  215.094 -351.606 -217.103   -5.098   28.521  -12.502
0   5.3707  213.978 -353.058 -211.299   -4.263   29.465  -11.975
0   5.3807  213.085 -354.509 -205.718   -3.494   30.300  -11.492
0   5.3907  212.415 -355.736 -200.248   -2.856   30.981  -10.964
0   5.4007  212.080 -357.411 -188.975   -2.329   31.311  -10.393
0   5.4107  211.968 -357.969 -183.840   -1.208   31.377   -9.097
0   5.4207  211.634 -358.750 -179.487   -0.549   31.201   -8.459
0   5.4307  211.187 -360.090 -175.803    0.132   30.872   -7.910
0   5.4407  210.517 -361.429 -172.678    0.813   30.498   -7.493
0   5.4507  209.848 -362.545 -170.334    1.538   30.081   -7.075
0   5.4607  208.843 -363.438 -168.771    2.241   29.795   -6.812
0   5.4707  207.392 -363.996 -167.320    2.834   29.421   -6.768
0   5.4807  205.941 -363.996 -166.539    3.362   29.026   -6.768
0   5.4907  205.271 -364.331 -166.204    3.735   28.542   -6.833
0   5.5007  204.601 -364.666 -166.427    3.933   27.971   -7.097
0   5.5107  203.820 -364.889 -167.432    4.065   27.400   -7.493
0   5.5207  203.262 -364.778 -168.771    4.197   27.004   -7.822
0   5.5307  202.481 -364.778 -169.999    4.241   26.609   -8.196
0   5.5407  201.699 -364.554 -171.896    4.285   26.235   -8.679
0   5.5507  200.248 -364.331 -175.803    4.307   25.466   -9.514
0   5.5607  198.574 -363.550 -182.166    4.153   24.192  -10.767
0   5.5707  197.793 -362.434 -186.965    4.021   23.291  -11.470
0   5.5807  196.900 -360.759 -192.100    3.889   22.346  -12.107
0   5.5907  196.342 -359.085 -197.234    3.691   21.270  -12.678
0   5.6007  195.449 -357.746 -202.257    3.296   20.061  -13.359
0   5.6107  194.890 -356.518 -207.615    2.769   18.853  -14.128
0   5.6207  193.886 -355.625 -213.196    2.175   17.666  -14.985
0   5.6307  192.658 -354.732 -219.447    1.626   16.545  -15.798
0   5.6407  191.988 -353.727 -225.921    1.187   15.337  -16.392
0   5.6507  191.542 -352.053 -231.949    0.791   14.041  -16.743
0   5.6607  190.872 -350.267 -238.199    0.505   12.788  -17.051
0   5.6707  190.426 -349.151 -243.892    0.154   11.536  -17.336
0   5.6807  190.091 -348.258 -249.473   -0.176   10.371  -17.600
0   5.6907  189.421 -347.923 -254.943   -0.527    9.338  -17.864
0   5.7007  188.305 -347.811 -260.747   -0.857    8.525  -18.083
0   5.7107  186.742 -347.700 -270.123   -1.736    6.855  -18.193
0   5.7207  185.514 -347.142 -274.588   -2.109    6.350  -18.105
0   5.7307  184.063 -346.472 -278.941   -2.439    5.933  -18.062
0   5.7407  182.724 -346.025 -282.625   -2.812    5.603  -17.930
0   5.7507  181.384 -345.691 -285.973   -3.186    5.405  -17.864
0   5.7607  180.045 -345.244 -288.764   -3.538    5.273  -17.754
0   5.7707  179.152 -345.132 -290.885   -3.845    5.142  -17.600
0   5.7807  178.259 -345.356 -292.336   -4.153    5.054  -17.402
0   5.7907  177.701 -345.579 -293.675   -4.285    5.120  -17.051
0   5.8007  176.026 -346.025 -294.568   -4.351    5.493  -16.743
0   5.8107  174.241 -346.583 -294.903   -4.395    5.955  -16.370
0   5.8207  172.789 -347.030 -294.456   -4.373    6.482  -15.996
0   5.8307  171.673 -347.365 -294.010   -4.307    6.943  -15.732
0   5.8407  171.004 -347.588 -293.340   -4.241    7.383  -15.469
0   5.8507  169.999 -347.923 -292.336   -4.131    7.910  -15.183
0   5.8607  168.548 -348.369 -289.657   -3.889    8.855  -14.656
0   5.8707  165.646 -349.486 -283.629   -3.296   10.723  -13.645
0   5.8807  164.864 -350.490 -279.499   -2.900   11.624  -12.986
0   5.8907  163.971 -351.830 -275.258   -2.417   12.524  -12.305
0   5.9007  162.967 -353.281 -270.570   -1.802   13.491  -11.602
0   5.9107  161.516 -354.509 -265.658   -0.989   14.678  -10.898
0   5.9207  159.730 -355.848 -259.966   -0.132   15.952  -10.305
0   5.9307  158.837 -356.741 -254.273    0.923   17.205   -9.514
0   5.9407  158.390 -357.969 -248.022    1.890   18.435   -8.745
0   5.9507  157.832 -359.308 -241.436    2.856   19.841   -8.064
0   5.9607  156.716 -360.983 -234.516    3.691   21.357   -7.581
0   5.9707  155.823 -362.322 -227.484    4.373   22.786   -7.141
0   5.9807  155.600 -363.773 -220.340    4.878   24.038   -6.592
0   5.9907  155.711 -365.224 -213.420    5.273   25.071   -5.955
0   6.0007  155.935 -366.899 -206.946    5.691   25.994   -5.208
0   6.0107  155.042 -369.912 -194.667    6.790   28.015   -3.691
0   6.0207  154.260 -371.587 -188.863    7.405   29.026   -2.944
0   6.0307  153.591 -373.373 -183.282    8.020   29.949   -2.153
0   6.0407  152.921 -375.270 -178.147    8.613   30.718   -1.384
0   6.0507  152.251 -377.168 -173.682    9.229   31.289   -0.571
0   6.0607  151.693 -379.065 -170.222    9.712   31.641    0.176
0   6.0707  150.465 -380.851 -167.432   10.085   31.794    0.725
0   6.0807  149.126 -382.637 -165.534   10.283   31.794    1.099
0   6.0907  147.563 -384.646 -164.641   10.327   31.772    1.340
0   6.1007  145.777 -386.544 -164.418   10.151   31.663    1.472
0   6.1107  143.545 -388.218 -164.976    9.976   31.553    1.560
0   6.1207  141.201 -389.446 -166.092    9.690   31.421    1.670
0   6.1308  138.857 -390.451 -167.878    9.338   31.201    1.802
0   6.1408  136.624 -391.455 -169.999    8.855   30.894    1.868
0   6.1508  134.392 -392.348 -172.901    8.350   30.454    1.934
0   6.1608  131.825 -393.241 -176.250    7.844   29.905    1.934
0   6.1708  128.922 -394.022 -180.045    7.317   29.202    1.824
0   6.1808  125.797 -394.581 -184.845    6.921   28.411    1.670
0   6.1908  122.672 -394.915 -189.867    6.482   27.488    1.450
0   6.2008  119.769 -395.250 -195.560    6.021   26.455    1.143
0   6.2108  116.979 -395.474 -201.476    5.537   25.291    0.857
0   6.2208  114.077 -395.362 -207.838    4.922   24.082    0.505
0   6.2308  111.398 -395.474 -214.312    4.241   22.764    0.220
0   6.2408  108.719 -395.362 -220.675    3.428   21.445   -0.044
0   6.2508  106.375 -395.362 -227.149    2.483   20.017   -0.198
0   6.2608  104.031 -395.585 -233.288    1.406   18.611   -0.396
0   6.2708  102.133 -395.139 -239.985    0.439   17.292   -0.505
0   6.2808   99.789 -394.246 -246.348   -0.527   15.930   -0.725
0   6.2908   97.557 -393.241 -252.822   -1.384   14.634   -0.989
0   6.3008   95.324 -392.571 -259.184   -2.219   13.359   -1.340
0   6.3108   91.194 -390.339 -271.351   -3.538   10.833   -2.197
0   6.3208   89.520 -388.776 -277.044   -4.021    9.580   -2.637
0   6.3308   87.957 -387.772 -282.290   -4.526    8.394   -3.142
0   6.3408   86.730 -386.432 -286.866   -5.032    7.207   -3.560
0   6.3508   85.502 -385.316 -291.331   -5.449    6.108   -3.955
0   6.3608   83.939 -383.865 -295.015   -5.889    5.164   -4.307
0   6.3708   82.488 -382.637 -298.363   -6.196    4.263   -4.592
0   6.3808   80.814 -381.186 -301.265   -6.262    3.560   -4.878
0   6.3908   79.363 -379.177 -303.386   -6.130    2.922   -5.054
0   6.4008   77.912 -377.726 -304.726   -5.867    2.351   -5.186
0   6.4108   76.795 -376.386 -305.507   -5.515    1.802   -5.142
0   6.4208   75.567 -375.717 -305.172   -5.186    1.296   -5.010
0   6.4308   74.005 -375.493 -303.721   -4.900    0.945   -4.856
0   6.4408   71.661 -376.163 -301.823   -4.680    0.813   -4.746
0   6.4508   69.986 -377.056 -299.703   -4.460    0.791   -4.592
0   6.4608   68.312 -377.949 -297.693   -4.219    0.835   -4.482
0   6.4708   66.191 -378.842 -295.238   -3.889    0.989   -4.329
0   6.4808   63.847 -379.958 -291.108   -3.472    1.230   -3.999
0   6.4908   61.838 -382.079 -285.527   -3.076    1.538   -3.428
0   6.5008   60.499 -383.753 -280.504   -2.856    1.890   -2.922
0   6.5108   59.271 -385.986 -274.811   -2.681    2.329   -2.307
0   6.5208   57.708 -387.995 -268.672   -2.571    2.944   -1.758
0   6.5308   56.145 -390.116 -262.310   -2.439    3.757   -1.208
0   6.5408   54.359 -392.348 -255.612   -2.241    4.724   -0.659
0   6.5508   53.132 -394.469 -249.138   -1.978    5.779    0.000
0   6.5608   52.015 -396.701 -242.553   -1.802    6.855    0.681
0   6.5708   51.457 -398.934 -236.190   -1.714    7.866    1.318
0   6.5808   51.457 -401.166 -230.274   -1.626    8.767    1.978
0   6.5908   51.904 -402.617 -225.251   -1.428    9.580    2.527
0   6.6008   52.462 -403.622 -220.452   -1.384   10.459    2.791
0   6.6108   55.141 -403.287 -211.299   -1.494   11.316    2.856
0   6.6208   57.485 -402.171 -207.615   -1.978   12.722    2.747
0   6.6308   59.829 -400.720 -204.490   -2.241   13.250    2.571
0   6.6408   62.619 -398.711 -202.034   -2.395   13.645    2.373
0   6.6508   65.633 -395.920 -200.471   -2.329   13.931    2.153
0   6.6608   69.205 -392.348 -199.244   -2.065   14.150    1.846
0   6.6708   72.889 -388.441 -198.351   -1.714   14.326    1.384
0   6.6808   76.907 -383.865 -197.681   -1.252   14.414    0.835
0   6.6908   81.595 -379.288 -197.569   -0.703   14.524    0.220
0   6.7008   86.395 -374.489 -197.569   -0.176   14.568   -0.483
0   6.7108   91.864 -369.801 -197.681    0.242   14.524   -1.252
0   6.7208   97.557 -364.666 -198.016    0.659   14.436   -2.043
0   6.7308  103.250 -359.197 -198.797    1.121   14.392   -2.856
0   6.7408  109.612 -353.839 -199.690    1.472   14.326   -3.669
0   6.7508  116.198 -348.258 -200.806    1.846   14.260   -4.417
0   6.7608  123.118 -342.565 -202.257    2.219   14.238   -5.164
0   6.7708  130.039 -336.761 -203.597    2.571   14.282   -5.911
0   6.7808  137.294 -330.622 -204.713    2.856   14.348   -6.658
0   6.7908  144.884 -324.483 -205.494    3.076   14.436   -7.361
0   6.8008  152.586 -318.008 -206.499    3.340   14.590   -8.020
0   6.8108  160.288 -311.869 -207.504    3.494   14.810   -8.701
0   6.8208  168.436 -305.842 -208.397    3.560   15.007   -9.404
0   6.8308  176.585 -299.814 -209.066    3.604   15.161  -10.151
0   6.8408  184.956 -293.675 -210.183    3.625   15.359  -10.920
0   6.8508  193.439 -287.313 -211.299    3.604   15.469  -11.689
0   6.8608  202.146 -280.839 -212.527    3.472   15.535  -12.458
0   6.8708  211.075 -274.253 -213.420    3.230   15.491  -13.184
0   6.8808  220.005 -267.333 -214.089    2.791   15.447  -13.931
0   6.8908  228.823 -260.300 -214.312    2.219   15.403  -14.590
0   6.9008  237.865 -253.380 -214.089    1.472   15.293  -15.271
0   6.9108  246.794 -246.906 -213.754    0.703   15.117  -16.040
0   6.9208  265.212 -235.297 -213.420   -0.549   14.568  -17.600
0   6.9308  274.253 -229.493 -213.308   -0.879   14.238  -18.391
0   6.9408  282.736 -223.354 -213.085   -1.055   13.909  -19.094
0   6.9508  290.661 -217.215 -212.861   -1.143   13.667  -19.841
0   6.9608  298.921 -210.741 -212.415   -1.208   13.293  -20.500
0   6.9708  307.293 -204.490 -211.187   -1.340   12.744  -21.248
0   6.9808  315.441 -198.574 -209.959   -1.494   12.283  -22.061
0   6.9908  323.366 -192.993 -208.843   -1.736   11.887  -22.961
0   7.0008  330.957 -188.416 -207.838   -2.043   11.558  -24.016
0   7.0108  338.547 -183.840 -206.946   -2.285   11.294  -25.005
0   7.0208  346.137 -178.929 -205.718   -2.527   10.964  -25.862
0   7.0308  352.946 -174.241 -204.155   -2.703   10.591  -26.763
0   7.0408  359.755 -169.887 -202.927   -2.812   10.195  -27.642
0   7.0508  366.117 -165.646 -201.811   -2.769    9.690  -28.521
0   7.0608  372.368 -161.962 -200.360   -2.593    9.075  -29.421
0   7.0708  378.061 -157.944 -198.574   -2.219    8.394  -30.256
0   7.0808  383.195 -154.484 -196.788   -1.802    7.756  -31.135
0   7.0908  387.883 -151.470 -195.560   -1.274    7.229  -32.080
0   7.1008  392.348 -148.679 -193.886   -0.527    6.460  -32.915
0   7.1108  396.701 -146.558 -192.435    0.154    5.757  -33.772
0   7.1208  400.831 -144.773 -190.984    0.967    4.944  -34.541
0   7.1308  404.292 -143.210 -189.309    1.758    4.131  -35.222
0   7.1408  406.412 -141.982 -187.635    2.549    3.472  -35.815
0   7.1508  407.305 -141.536 -186.296    3.208    3.054  -36.409
0   7.1609  407.082 -141.536 -185.179    3.845    2.900  -36.980
0   7.1726  403.957 -142.763 -183.728    4.900    3.076  -37.815
0   7.1826  402.059 -144.438 -183.282    5.317    3.208  -38.188
0   7.1926  400.496 -145.666 -182.947    5.603    3.274  -38.254
0   7.2026  398.822 -146.893 -182.835    5.713    3.428  -38.320
0   7.2126  396.925 -148.233 -182.835    5.779    3.560  -38.342
0   7.2226  394.022 -150.019 -182.947    5.757    3.845  -38.232
0   7.2326  387.325 -154.149 -182.947    5.559    4.482  -37.947
0   7.2426  379.512 -158.502 -182.947    5.251    5.164  -37.463
0   7.2526  373.484 -161.962 -183.282    4.988    5.735  -36.980
0   7.2626  367.233 -165.646 -184.063    4.746    6.372  -36.562
0   7.2726  360.983 -169.887 -185.179    4.504    7.031  -36.101
0   7.2826  354.620 -174.241 -186.407    4.373    7.559  -35.640
0   7.2926  348.258 -178.817 -187.412    4.329    7.910  -35.200
0   7.3026  341.895 -183.617 -188.528    4.351    8.108  -34.695
0   7.3126  335.087 -188.751 -189.756    4.329    8.262  -34.233
0   7.3226  327.943 -193.551 -190.760    4.373    8.372  -33.618
0   7.3326  320.799 -198.462 -191.765    4.395    8.438  -32.937
0   7.3426  313.432 -203.597 -192.770    4.307    8.547  -32.234
0   7.3526  305.842 -209.178 -193.439    4.219    8.613  -31.509
0   7.3626  298.028 -215.205 -194.221    4.153    8.657  -30.828
0   7.3726  290.326 -221.345 -195.002    4.109    8.701  -30.059
0   7.3826  282.625 -227.595 -195.672    4.131    8.657  -29.180
0   7.3926  275.034 -234.181 -196.565    4.197    8.635  -28.235
0   7.4026  267.221 -240.878 -197.681    4.285    8.635  -27.246
0   7.4126  259.519 -247.687 -198.574    4.329    8.547  -26.191
0   7.4226  251.594 -254.496 -199.579    4.285    8.547  -25.137
0   7.4326  243.446 -261.305 -200.248    4.197    8.525  -24.148
0   7.4426  235.409 -268.114 -201.141    4.087    8.569  -23.115
0   7.4526  227.484 -274.811 -201.923    4.065    8.525  -22.126
0   7.4626  219.894 -282.067 -202.927    4.021    8.416  -21.072
0   7.4726  205.048 -297.135 -204.936    4.021    7.866  -19.006
0   7.4826  197.234 -304.614 -206.164    4.153    7.625  -17.952
0   7.4926  189.644 -312.093 -207.615    4.351    7.383  -16.853
0   7.5026  182.389 -319.236 -209.290    4.570    7.009  -15.732
0   7.5126  175.133 -326.492 -210.852    4.680    6.636  -14.634
0   7.5226  168.213 -333.301 -212.080    4.724    6.218  -13.579
0   7.5326  161.069 -340.221 -213.531    4.768    5.867  -12.722
0   7.5426  154.595 -347.030 -214.759    4.790    5.427  -11.843
0   7.5527  148.344 -354.062 -215.987    4.878    4.922  -11.008
0   7.5627  142.094 -361.094 -217.773    5.076    4.417  -10.195
0   7.5727  135.620 -368.350 -219.447    5.383    3.889   -9.470
0   7.5827  129.257 -375.158 -221.456    5.779    3.428   -8.767
0   7.5927  123.230 -381.521 -223.354    6.152    2.966   -8.064
0   7.6027  117.760 -387.214 -225.363    6.482    2.549   -7.339
0   7.6127  112.626 -392.571 -226.814    6.614    2.153   -6.680
0   7.6227  107.714 -397.818 -227.819    6.614    1.780   -6.064
0   7.6327  103.473 -402.952 -228.265    6.504    1.384   -5.449
0   7.6427   99.231 -407.863 -228.823    6.460    1.055   -4.812
0   7.6527   94.655 -412.217 -229.493    6.526    0.923   -4.263
0   7.6627   90.190 -416.235 -230.051    6.614    0.857   -3.801
0   7.6727   85.837 -419.584 -230.721    6.702    0.813   -3.494
0   7.6827   82.488 -422.263 -231.167    6.680    0.725   -3.142
0   7.6927   79.809 -424.272 -231.502    6.614    0.571   -2.834
0   7.7027   78.023 -425.611 -230.944    6.372    0.352   -2.439
0   7.7127   76.460 -426.393 -229.939    6.174    0.154   -2.065
0   7.7227   74.340 -426.393 -228.935    6.042    0.066   -1.868
0   7.7327   72.777 -425.946 -227.707    5.999    0.022   -1.648
0   7.7427   71.996 -425.388 -226.144    5.911   -0.066   -1.384
0   7.7527   71.549 -424.718 -224.470    5.757   -0.132   -1.143
0   7.7627   71.214 -423.602 -223.019    5.713   -0.154   -0.989
0   7.7727   70.991 -419.919 -220.787    5.955    0.000   -1.011
0   7.7827   71.438 -416.905 -219.224    6.108    0.176   -1.121
0   7.7927   72.889 -412.105 -216.991    6.372    0.439   -1.230
0   7.8027   74.786 -407.417 -214.424    6.614    0.681   -1.494
0   7.8127   77.019 -403.175 -212.527    6.943    0.879   -1.714
0   7.8227   79.474 -398.934 -210.629    7.273    1.033   -2.065
0   7.8327   82.376 -394.804 -208.731    7.537    1.187   -2.505
0   7.8427   85.613 -390.562 -207.169    7.822    1.318   -3.032
0   7.8527   89.074 -385.762 -206.053    8.218    1.538   -3.669
0   7.8627   93.092 -380.405 -205.048    8.547    1.736   -4.329
0   7.8727   97.222 -374.489 -204.155    8.833    1.978   -5.098
0   7.8827  101.910 -368.126 -203.150    9.031    2.175   -5.911
0   7.8927  107.045 -361.764 -202.034    9.119    2.395   -6.724
0   7.9027  112.737 -355.290 -200.583    9.119    2.571   -7.537
0   7.9127  118.653 -348.704 -199.132    9.119    2.703   -8.416
0   7.9227  124.681 -342.007 -197.904    9.250    2.834   -9.360
0   7.9327  130.820 -335.421 -196.900    9.514    3.010  -10.371
0   7.9427  136.959 -328.612 -196.007    9.888    3.230  -11.426
0   7.9527  143.656 -321.804 -195.114   10.195    3.428  -12.524
0   7.9627  150.465 -314.660 -194.332   10.459    3.691  -13.623
0   7.9727  157.721 -307.181 -193.328   10.657    3.999  -14.700
0   7.9827  164.864 -299.368 -192.435   10.811    4.395  -15.798
0   7.9927  172.231 -291.331 -191.430   10.898    4.790  -16.897
0   8.0027  179.933 -283.629 -190.314   10.942    5.120  -17.930
0   8.0127  188.082 -275.927 -189.086   11.008    5.383  -18.918
0   8.0227  196.565 -268.114 -187.858   11.096    5.559  -19.797
0   8.0327  205.383 -260.189 -186.854   11.206    5.691  -20.676
0   8.0427  214.312 -252.264 -185.737   11.338    5.801  -21.489
0   8.0527  223.242 -244.339 -184.956   11.426    5.955  -22.346
0   8.0627  232.172 -236.302 -184.175   11.492    6.108  -23.159
0   8.0727  250.143 -219.782 -182.277   11.536    6.262  -23.840
0   8.0827  259.296 -211.857 -180.826   11.404    6.416  -24.807
0   8.0927  268.449 -204.043 -179.375   11.228    6.416  -25.159
0   8.1027  277.825 -196.453 -178.036   11.074    6.328  -25.378
0   8.1127  286.978 -189.086 -176.473   10.876    6.218  -25.664
0   8.1227  296.242 -182.166 -174.799   10.701    6.064  -25.972
0   8.1327  305.284 -175.468 -173.348   10.503    5.911  -26.323
0   8.1427  314.213 -169.106 -171.785   10.305    5.713  -26.763
0   8.1527  322.920 -162.967 -169.776   10.107    5.427  -27.202
0   8.1627  331.180 -157.051 -167.655    9.844    5.229  -27.642
0   8.1727  339.328 -151.023 -165.199    9.624    5.032  -28.037
0   8.1827  347.142 -145.666 -162.409    9.404    4.878  -28.521
0   8.1927  354.843 -140.643 -159.730    9.207    4.834  -29.026
0   8.2027  362.099 -136.736 -157.162    8.943    4.966  -29.773
0   8.2127  368.908 -132.941 -155.042    8.679    5.186  -30.564
0   8.2227  375.493 -129.592 -152.809    8.503    5.339  -31.443
0   8.2327  381.744 -126.243 -150.912    8.350    5.493  -32.300
0   8.2427  387.660 -123.118 -148.456    8.240    5.405  -33.223
0   8.2527  393.129 -120.328 -145.777    8.196    5.229  -34.167
0   8.2627  397.929 -117.425 -143.210    8.306    5.032  -35.112
0   8.2727  402.171 -115.193 -141.089    8.394    4.944  -36.167
0   8.2827  405.854 -112.849 -139.526    8.591    4.944  -37.134
0   8.2927  409.649 -111.509 -138.187    8.899    4.768  -38.210
0   8.3027  412.886 -110.058 -136.959    9.294    4.614  -39.177
0   8.3127  415.789 -109.054 -135.620    9.734    4.329  -40.122
0   8.3227  418.467 -108.161 -134.615   10.151    4.087  -40.957
0   8.3327  420.700 -107.826 -133.722   10.635    3.823  -41.704
0   8.3427  422.151 -107.603 -133.387   11.052    3.625  -42.341
0   8.3527  422.932 -107.379 -132.941   11.426    3.472  -42.803
0   8.3627  422.597 -107.379 -132.941   11.667    3.472  -43.198
0   8.3727  420.142 -108.384 -132.383   11.975    3.362  -43.550
0   8.3827  418.244 -109.500 -132.717   12.480    3.494  -44.033
0   8.3927  417.240 -110.170 -133.387   12.568    3.604  -44.099
0   8.4027  416.123 -110.951 -133.722   12.612    3.691  -44.165
0   8.4127  415.007 -111.286 -134.280   12.634    3.801  -44.099
0   8.4227  413.221 -112.626 -134.838   12.634    3.911  -44.121
0   8.4327  406.859 -116.421 -137.071   12.437    4.438  -44.011
0   8.4427  396.925 -121.667 -140.419   12.195    5.098  -43.704
0   8.4527  391.009 -124.681 -143.098   12.041    5.427  -43.264
0   8.4627  385.093 -127.695 -145.777   11.909    5.779  -42.825
0   8.4727  378.842 -130.597 -148.121   11.887    5.999  -42.209
0   8.4827  372.256 -133.945 -150.912   11.821    6.284  -41.550
0   8.4927  365.559 -137.852 -153.479   11.777    6.372  -40.759
0   8.5027  359.085 -142.094 -156.046   11.667    6.416  -39.836
0   8.5127  352.053 -146.893 -158.837   11.514    6.416  -38.848
0   8.5227  344.574 -151.916 -161.516   11.382    6.548  -37.705
0   8.5327  336.761 -156.939 -164.529   11.316    6.768  -36.497
0   8.5427  328.836 -162.185 -167.097   11.404    6.877  -35.156
0   8.5527  320.799 -167.543 -169.441   11.558    6.921  -33.794
0   8.5627  312.874 -173.013 -171.673   11.887    6.921  -32.366
0   8.5727  304.837 -178.705 -173.794   12.239    6.877  -31.003
0   8.5827  297.024 -184.621 -175.357   12.678    6.636  -29.685
0   8.5927  289.210 -190.649 -176.919   13.096    6.438  -28.411
0   8.6027  281.397 -196.900 -178.259   13.513    6.240  -27.180
0   8.6127  273.360 -203.374 -179.263   13.843    6.108  -25.928
0   8.6227  265.547 -210.071 -180.380   14.172    6.086  -24.609
0   8.6328  257.621 -216.768 -181.273   14.502    6.086  -23.225
0   8.6428  249.808 -223.689 -181.831   14.810    6.064  -21.775
0   8.6528  242.218 -230.498 -182.389   15.161    5.955  -20.259
0   8.6628  234.739 -237.753 -182.835   15.469    5.801  -18.787
0   8.6728  227.484 -245.232 -183.282   15.776    5.559  -17.336
0   8.6828  212.638 -260.412 -184.175   16.260    5.295  -14.590
0   8.6928  205.048 -268.002 -184.733   16.326    5.295  -13.381
0   8.7028  197.681 -275.592 -185.179   16.326    5.295  -12.239
0   8.7128  190.426 -282.848 -185.849   16.326    5.251  -11.140
0   8.7228  183.617 -289.880 -186.407   16.304    5.098  -10.129
0   8.7328  177.031 -296.912 -187.189   16.282    4.878   -9.185
0   8.7428  171.004 -303.721 -187.747   16.194    4.526   -8.284
0   8.7528  164.976 -310.530 -188.416   16.106    4.153   -7.515
0   8.7628  159.060 -317.339 -189.198   16.018    3.779   -6.812
0   8.7728  153.256 -324.148 -189.979   15.908    3.384   -6.174
0   8.7828  147.563 -330.622 -190.760   15.798    3.010   -5.559
0   8.7928  142.205 -336.872 -191.765   15.667    2.659   -5.010
0   8.8028  136.959 -342.454 -192.993   15.601    2.285   -4.482
0   8.8128  132.048 -347.923 -194.332   15.579    1.846   -4.065
0   8.8228  127.471 -352.723 -195.560   15.491    1.296   -3.691
0   8.8328  123.565 -357.188 -196.788   15.447    0.637   -3.384
0   8.8428  119.993 -361.652 -198.016   15.381   -0.132   -3.142
0   8.8528  116.644 -366.006 -199.132   15.161   -0.945   -2.966
0   8.8628  113.519 -369.912 -200.137   14.897   -1.824   -2.791
0   8.8728  110.728 -373.373 -201.253   14.612   -2.615   -2.659
0   8.8828  108.161 -376.275 -202.481   14.392   -3.340   -2.549
0   8.8928  105.705 -378.507 -203.820   14.216   -3.911   -2.549
0   8.9028  103.696 -380.181 -205.160   14.128   -4.482   -2.505
0   8.9128  102.357 -381.633 -206.276   14.041   -5.054   -2.461
0   8.9228  100.794 -382.302 -207.169   13.975   -5.493   -2.571
0   8.9328   99.678 -382.860 -208.062   13.931   -5.933   -2.637
0   8.9428   99.231 -383.195 -208.731   13.865   -6.350   -2.747
0   8.9528   98.896 -383.530 -209.290   13.755   -6.724   -2.900
0   8.9628   98.896 -383.530 -209.959   13.645   -7.053   -3.142
0   8.9728   99.120 -383.418 -210.406   13.513   -7.339   -3.428
0   8.9828  100.236 -381.074 -210.852   13.623   -7.515   -3.955
0   8.9928  100.794 -380.070 -211.187   13.755   -7.515   -4.131
0   9.0028  101.240 -379.065 -211.299   13.865   -7.471   -4.329
0   9.0128  102.468 -377.279 -211.299   14.041   -7.427   -4.636
0   9.0228  106.152 -372.480 -210.852   14.436   -7.229   -5.471
0   9.0328  109.835 -367.792 -209.624   14.766   -6.965   -6.284
0   9.0428  112.626 -364.331 -208.508   14.941   -6.790   -6.833
0   9.0528  115.528 -360.759 -207.838   15.161   -6.570   -7.405
0   9.0628  118.653 -357.188 -207.280   15.381   -6.306   -8.064
0   9.0728  122.225 -353.281 -206.611   15.557   -6.064   -8.635
0   9.0828  126.243 -349.039 -205.718   15.667   -5.735   -9.163
0   9.0928  130.485 -344.463 -205.048   15.754   -5.339   -9.690
0   9.1028  134.950 -339.886 -204.267   15.688   -4.922  -10.195
0   9.1128  139.861 -334.863 -203.039   15.579   -4.526  -10.701
0   9.1228  144.773 -329.840 -201.699   15.315   -4.065  -11.294
0   9.1328  150.019 -324.483 -200.137   15.139   -3.560  -11.953
0   9.1428  155.153 -319.125 -198.462   15.029   -3.032  -12.744
0   9.1528  160.400 -313.767 -197.123   15.139   -2.505  -13.645
0   9.1628  166.204 -308.297 -195.895   15.491   -2.000  -14.612
0   9.1728  172.231 -302.493 -195.002   16.084   -1.560  -15.645
0   9.1828  178.594 -296.242 -194.221   16.831   -1.165  -16.721
0   9.1928  184.845 -289.880 -193.886   17.622   -0.791  -17.886
0   9.2028  191.542 -283.294 -193.216   18.325   -0.439  -18.918
0   9.2128  198.686 -276.820 -192.546   18.918   -0.176  -19.863
0   9.2228  206.053 -270.123 -191.653   19.402    0.066  -20.720
0   9.2328  213.531 -263.537 -190.426   19.709    0.396  -21.577
0   9.2428  220.898 -256.840 -189.421   19.951    0.769  -22.412
0   9.2528  228.488 -250.254 -188.416   20.105    1.187  -23.225
0   9.2628  235.967 -243.557 -187.635   20.171    1.626  -24.038
0   9.2728  243.557 -236.748 -186.742   20.149    2.087  -24.807
0   9.2828  259.296 -222.684 -184.733   20.061    2.791  -26.104
0   9.2928  267.444 -215.764 -183.617   20.105    2.988  -26.609
0   9.3028  275.816 -209.178 -182.389   20.215    3.054  -27.092
0   9.3128  284.411 -202.481 -181.273   20.391    3.054  -27.488
0   9.3228  292.894 -196.007 -180.268   20.588    2.988  -27.883
0   9.3328  301.042 -189.533 -179.152   20.632    2.988  -28.279
0   9.3428  309.190 -183.393 -177.924   20.522    2.922  -28.630
0   9.3528  317.004 -177.254 -176.473   20.237    2.900  -29.048
0   9.3628  324.706 -171.785 -175.133   19.797    2.922  -29.531
0   9.3728  332.408 -166.427 -173.571   19.402    2.900  -30.059
0   9.3828  339.998 -161.404 -172.120   19.050    2.922  -30.608
0   9.3928  347.700 -156.381 -171.004   18.809    2.966  -31.135
0   9.4028  355.067 -151.693 -169.664   18.633    2.900  -31.685
0   9.4128  362.322 -147.563 -168.101   18.479    2.747  -32.388
0   9.4228  369.466 -143.433 -166.539   18.413    2.505  -33.047
0   9.4328  376.275 -139.526 -164.753   18.413    2.219  -33.728
0   9.4428  382.749 -136.066 -163.748   18.369    2.021  -34.475
0   9.4528  388.776 -133.164 -162.409   18.413    1.714  -35.332
0   9.4628  394.804 -130.262 -161.181   18.611    1.296  -36.233
0   9.4728  400.385 -127.695 -159.618   18.962    0.813  -37.244
0   9.4828  405.631 -124.792 -157.944   19.446    0.352  -38.298
0   9.4928  410.654 -122.448 -156.158   20.039   -0.132  -39.507
0   9.5028  415.230 -120.774 -155.153   20.588   -0.417  -40.825
0   9.5128  419.360 -119.546 -154.372   21.050   -0.703  -42.166
0   9.5228  422.932 -119.211 -153.814   21.423   -0.901  -43.594
0   9.5328  426.058 -118.765 -153.814   21.775   -0.945  -44.890
0   9.5428  429.071 -118.430 -153.591   22.104   -1.055  -45.901
0   9.5528  431.527 -118.542 -153.814   22.280   -1.121  -46.890
0   9.5628  432.867 -117.983 -153.925   22.412   -1.252  -47.615
0   9.5728  433.983 -117.649 -153.591   22.632   -1.472  -48.164
0   9.5828  434.764 -117.202 -151.916   22.961   -1.758  -48.582
0   9.5928  434.653 -117.537 -151.470   23.489   -2.043  -49.329
0   9.6028  433.536 -118.765 -151.470   23.533   -1.934  -49.680
0   9.6128  432.420 -119.881 -152.028   23.489   -1.714  -49.878
0   9.6228  431.416 -120.662 -152.140   23.445   -1.604  -49.966
0   9.6328  430.523 -121.332 -152.251   23.379   -1.516  -50.010
0   9.6428  429.853 -121.779 -152.363   23.313   -1.450  -50.010
0   9.6528  428.848 -122.002 -152.586   23.225   -1.318  -49.922
0   9.6628  424.049 -124.234 -152.586   22.830   -0.879  -49.746
0   9.6728  409.761 -130.708 -154.037   21.687    0.747  -49.219
0   9.6828  402.841 -134.280 -156.493   21.313    1.560  -48.977
0   9.6928  396.478 -137.182 -158.725   21.182    2.263  -48.604
0   9.7028  390.227 -140.308 -160.176   21.270    2.725  -48.142
0   9.7128  383.753 -143.768 -161.627   21.379    3.142  -47.571
0   9.7228  376.944 -148.121 -163.525   21.313    3.538  -46.912
0   9.7328  369.577 -152.474 -165.199   21.116    3.889  -45.989
0   9.7429  361.317 -156.939 -167.208   20.654    4.351  -44.912
0   9.7529  352.611 -161.851 -169.441   20.083    4.812  -43.726
0   9.7629  343.793 -166.650 -171.896   19.512    5.273  -42.363
0   9.7729  335.087 -171.896 -174.241   19.028    5.603  -40.957
0   9.7829  326.938 -177.589 -176.473   18.677    5.691  -39.507
0   9.7929  318.901 -183.505 -178.817   18.457    5.669  -37.969
0   9.8029  310.865 -189.979 -180.826   18.281    5.537  -36.343
0   9.8129  302.605 -196.565 -182.947   18.149    5.405  -34.651
0   9.8229  293.898 -203.708 -185.179   17.908    5.361  -33.003
0   9.8329  285.080 -210.517 -187.077   17.732    5.317  -31.223
0   9.8429  276.151 -217.438 -189.086   17.556    5.361  -29.421
0   9.8529  267.667 -224.582 -190.760   17.446    5.251  -27.554
0   9.8629  259.519 -231.837 -192.100   17.249    5.054  -25.686
0   9.8729  251.371 -239.650 -193.328   17.051    4.768  -23.862
0   9.8829  243.334 -247.352 -194.779   16.831    4.548  -22.061
0   9.8929  227.372 -263.761 -197.904   16.392    4.043  -18.677
0   9.9029  220.117 -272.021 -199.355   16.216    3.691  -16.963
0   9.9129  212.415 -280.392 -200.806   16.040    3.384  -15.403
0   9.9229  205.048 -288.541 -202.369   15.864    3.142  -13.865
0   9.9329  197.458 -296.689 -203.932   15.688    2.988  -12.546
0   9.9429  190.426 -304.726 -205.271   15.425    2.812  -11.294
0   9.9529  183.728 -312.874 -206.499   15.095    2.637  -10.151
0   9.9629  177.143 -320.911 -207.838   14.766    2.461   -9.097
0   9.9729  171.004 -328.947 -209.066   14.392    2.219   -8.108
0   9.9829  165.088 -336.984 -210.294   13.975    1.978   -7.163
0   9.9929  159.172 -344.686 -211.857   13.689    1.824   -6.328
